<?xml version="1.0"?>
<opencv_storage>
<calibration_time>"ven. 30 sept. 2016 10:51:30 CEST"</calibration_time>
<nr_of_frames>50</nr_of_frames>
<image_width>1280</image_width>
<image_height>720</image_height>
<board_width>8</board_width>
<board_height>6</board_height>
<square_size>2.5000000000000000e-01</square_size>
<fix_aspect_ratio>1.</fix_aspect_ratio>
<!-- flags: +fix_aspectRatio +fix_principal_point +zero_tangent_dist -->
<flags>6158</flags>
<fisheye_model>0</fisheye_model>
<camera_matrix type_id="opencv-matrix">
  <rows>3</rows>
  <cols>3</cols>
  <dt>d</dt>
  <data>
    1.0806140323649079e+03 0. 6.3950000000000000e+02 0.
    1.0806140323649079e+03 3.5950000000000000e+02 0. 0. 1.</data></camera_matrix>
<distortion_coefficients type_id="opencv-matrix">
  <rows>5</rows>
  <cols>1</cols>
  <dt>d</dt>
  <data>
    2.8663174532871243e-02 -3.2246672853475339e-01 0. 0.
    2.8430768587837896e-01</data></distortion_coefficients>
<avg_reprojection_error>3.7714015794700889e-01</avg_reprojection_error>
<per_view_reprojection_errors type_id="opencv-matrix">
  <rows>50</rows>
  <cols>1</cols>
  <dt>f</dt>
  <data>
    1.83947504e-01 1.95014328e-01 2.09570706e-01 2.12443903e-01
    1.36462346e-01 1.68924406e-01 1.49263322e-01 4.77367282e-01
    2.02538326e-01 2.29335219e-01 2.41178796e-01 2.48844057e-01
    3.26456040e-01 5.44958889e-01 3.23330253e-01 2.81502575e-01
    3.02501440e-01 2.72161275e-01 3.00170064e-01 2.87541032e-01
    2.86710382e-01 2.93649375e-01 3.08506995e-01 3.75016659e-01
    3.36670458e-01 2.80349433e-01 2.79868275e-01 2.51954466e-01
    2.56275326e-01 2.56169945e-01 3.28109682e-01 3.86372983e-01
    2.43046999e-01 3.79438609e-01 3.73076677e-01 7.18829155e-01
    3.48476440e-01 4.26034629e-01 4.44594264e-01 3.53352875e-01
    3.19842458e-01 5.29052854e-01 5.56943297e-01 4.97707814e-01
    3.96023929e-01 4.18930799e-01 3.83565098e-01 3.66244167e-01
    4.91576850e-01 1.05266595e+00</data></per_view_reprojection_errors>
<extrinsic_parameters type_id="opencv-matrix">
  <rows>50</rows>
  <cols>6</cols>
  <dt>d</dt>
  <data>
    -4.8406694987900699e-02 1.1943223794355841e-02
    1.6332868266255459e-02 -5.2048804220007727e-01
    -1.4555748065402381e+00 7.6808410747227907e+00
    -6.4808343262325110e-02 5.3173869346096886e-03
    1.5673482331215068e-02 -5.8608332927306028e-01
    -1.3976086948132276e+00 7.5852509901838294e+00
    -8.3498846106947314e-02 1.4493200305972539e-03
    6.5236962409382961e-03 -6.7654220950458288e-01
    -1.3226458819554152e+00 7.6133881391065445e+00
    -8.5554521808109144e-02 1.6950190115501068e-04
    9.3066169749337236e-04 -7.0804526877552598e-01
    -1.3196718246640051e+00 7.6008546210576569e+00
    -8.0029891997733943e-02 -9.6644839489852200e-03
    -5.2438826676854131e-03 -7.1618294735298205e-01
    -1.3106504771550671e+00 7.5769864081981035e+00
    -8.8612296996468248e-02 -9.6112686286583624e-03
    -9.9738873693747069e-03 -6.8868159995655542e-01
    -1.2959867409545194e+00 7.5620399405133139e+00
    -8.3168158776971826e-02 -4.1708041144619583e-03
    -1.0732684478382003e-02 -6.6954096150276043e-01
    -1.2948594406323419e+00 7.5514554955569411e+00
    -1.0583279489886707e-01 -2.8170012317208969e-02
    -9.7665340063320880e-03 -5.0789861457390828e-01
    -1.3293215130506693e+00 7.4767662149754299e+00
    -8.0290902373417974e-02 4.4889104020580647e-02
    2.5447635260220626e-02 -7.8486836663107448e-02
    -1.4423616464106628e+00 7.4709221615273691e+00
    -5.9264338336765345e-02 6.6684567356672469e-02
    6.3983420007894545e-02 4.0148040171363458e-01
    -1.7489044952712167e+00 7.3349559043700250e+00
    -4.4021062235984697e-02 8.6173385107511824e-02
    8.3351669308169396e-02 6.8340627461754833e-01
    -1.9792607217898541e+00 7.2352631948729815e+00
    -6.6924305528070554e-03 8.6208248907026983e-02
    8.9959115572766868e-02 7.9519973281351441e-01
    -2.1775286186340170e+00 7.0972437788354350e+00
    -2.3793858153030187e-02 8.8555916925149178e-02
    9.0870797773147743e-02 8.6895931882173982e-01
    -2.2777926526153669e+00 7.0592945852929390e+00
    -4.1473315872892219e-01 2.4317199933111638e-01
    1.3115491986984090e-02 1.7972239825657523e+00
    -7.0513100682471769e-02 7.2759246997349907e+00
    -7.5929594706694392e-01 1.8004589937911117e-01
    -9.1493591848737899e-02 5.1395914273150467e-01
    8.6727938896993828e-01 7.3988156677604850e+00
    -6.8508715688904698e-01 7.4218612068088538e-02
    -1.2485866444668124e-01 -5.8843348622364255e-01
    -1.9441627570703821e-02 7.4556865205491363e+00
    -6.6973586384172223e-01 5.9922851583780051e-02
    -1.1491373277758053e-01 -6.3501851009817645e-01
    -2.6833173980635350e-01 7.4055128622001023e+00
    -6.6687180605406682e-01 5.7914596290639907e-02
    -9.9007477545374686e-02 -6.5581942255596326e-01
    -3.9915809559310300e-01 7.3111326131217380e+00
    -7.0382282731188273e-01 3.8176952713124296e-02
    -8.4044187134344084e-02 -7.6818905630985801e-01
    -5.0742629137547324e-01 7.1371210740537876e+00
    -7.0100882385985752e-01 2.7482801644956388e-02
    -7.7341466076593895e-02 -8.6740513633879157e-01
    -6.6939612939556670e-01 7.0453419306356118e+00
    -7.3434867795264258e-01 -1.4125150505230918e-01
    -7.5600537775023791e-02 -2.2457007037331773e+00
    -7.8625672213647624e-01 6.4704235616735994e+00
    -7.2554068409150063e-01 -1.4593320561216411e-01
    -9.9866300733463892e-02 -2.5388275746345808e+00
    -7.9429413038918351e-01 6.3208615280178249e+00
    -7.1355445456646782e-01 -1.4247960655560937e-01
    -1.1525548536747826e-01 -2.7136608865328276e+00
    -8.0526731434386944e-01 6.2211761664516043e+00
    -7.0387059140798525e-01 -1.3545252359840879e-01
    -1.3148177280534765e-01 -2.8905105708444898e+00
    -7.8191871632906162e-01 6.1214723799477788e+00
    7.6520495567043934e-01 -1.9082014026262453e-01
    3.1912119593860262e-02 -7.8981525527268204e-01
    -1.2833171878330227e+00 4.9461807286629647e+00
    7.1677986022971896e-01 -2.4261494476917642e-02
    1.6271163830896964e-02 7.9701105414538675e-02
    -1.2541133120058838e+00 4.8234504843758401e+00
    6.8932765160529086e-01 -4.5871779550538096e-02
    2.4797895311063307e-02 -5.1978445753218597e-02
    -1.1248439765563503e+00 4.8599679778904239e+00
    6.2635012746892582e-01 -3.2327391912835957e-02
    2.9294339870732121e-02 -1.1547140692553025e-01
    -8.3124325138059318e-01 4.9912638909757092e+00
    6.3007246907039438e-01 -2.6841548729065287e-02
    2.1975430408048894e-02 -1.6518081354369013e-01
    -8.2531208218175900e-01 5.0127739265462967e+00
    6.3295943516994824e-01 -3.5735980402415470e-02
    1.4747749259848864e-02 -2.7246770334500470e-01
    -8.3955629872703952e-01 4.9588908485786405e+00
    6.2928580803565881e-01 -4.8855539170438542e-02
    3.0843023095116005e-04 -5.0021745624429814e-01
    -8.3103631979109671e-01 4.8974426844634147e+00
    6.5887855243045979e-01 -5.2659799370018322e-02
    -3.8308075589298394e-03 -1.2165999949510600e+00
    -9.8584088235083334e-01 4.7383279664612541e+00
    6.7022738589154851e-01 -3.7890305039394091e-02
    -1.2998582058017270e-02 -1.4472780843553483e+00
    -1.0110965064858242e+00 4.7306665499309526e+00
    7.5129448488824468e-01 -2.1469886118736799e-02
    -4.1640216634415354e-02 -2.0094696719273073e+00
    -1.2388509558740806e+00 4.3980910414698249e+00
    7.8056933491381009e-01 1.6085318813334797e-02
    -4.6394184691708279e-02 -2.0642031680089525e+00
    -1.2780735470785529e+00 4.3096727439601201e+00
    7.9153081188346708e-01 1.7723058362746896e-01
    -8.9749821498528420e-02 -1.8589018090048037e+00
    -1.2165501167172776e+00 4.2317637970720217e+00
    5.5625595040135567e-01 1.5365739429639153e-01 4.4245746313374855e-03
    -1.6484251381067616e+00 -4.8741511935130266e-01
    4.5276988046181108e+00 5.8098020298081654e-01 4.3312769639671109e-02
    1.7135319825926809e-01 -8.7281144631621277e-01
    -6.9745724838510714e-01 4.4061854039991033e+00
    6.0877575629893288e-01 -4.2448010000042155e-02
    2.3818075373311193e-01 -6.6231432528986001e-01
